"X","p_val","avg_log2FC","pct.1","pct.2","p_val_adj","regulation","manhattan_distance"
"RPL13A",1.45724278097865e-06,-0.698411372756757,0.998,1,0.0383021692552428,"down",2.11518800168883
"NDUFAF8",1.70484593876539e-06,1.01365291084039,0.886,0.444,0.0448101706545095,"up",2.36227631296237
"PKP3",1.80033540191788e-06,1.17918190872012,0.677,0.111,0.0473200157040096,"up",2.50413702863566
"SDF4",1.07866072918185e-06,1.01817733009312,0.83,0.222,0.0283515186058157,"up",2.56560100392019
"RPL36AL",8.35204206961214e-07,-0.91209029891253,0.912,0.963,0.0219525073757686,"down",2.57060616716949
"RPS29",8.09438515779178e-07,0.912213925722802,0.991,1,0.0212752819487399,"up",2.5843386014799
"S100A9",1.46149989424313e-06,1.2401813061459,0.977,0.704,0.0384140632202863,"up",2.65569105936033
"RPS18",2.98196554989439e-07,0.591266031273599,1,1,0.00783779825134242,"up",2.69707195093432
"C4orf48",1.48645355460454e-06,1.31816591876768,0.893,0.407,0.0390699452292257,"up",2.72632311636454
"ITM2B",1.44220773143223e-06,-1.3105991134406,0.88,0.926,0.0379069880129647,"down",2.73187983551156
"ACTG1",3.45339493283475e-07,0.743608342324277,0.998,0.963,0.00907690324146286,"up",2.7856706363735
"JPT1",4.48347445028459e-07,1.02122640844912,0.962,0.519,0.011784364245128,"up",2.94992025071737
"TACSTD2",1.33344955939517e-06,1.50125121681109,0.928,0.593,0.0350483882191426,"up",2.95658316608124
"RPLP2",1.28743316064605e-07,0.582426413249904,0.999,1,0.00338388931944209,"up",3.05301026359381
"UBB",5.49545660368236e-07,-1.27374496104486,0.921,0.926,0.0144442581371187,"down",3.11404971983033
"PRSS23",1.50106542250964e-06,1.72024233875903,0.699,0.111,0.0394540035652435,"up",3.1241512592726
"AGRN",8.25697153063044e-07,1.49051158560376,0.83,0.259,0.021702623971109,"up",3.15399933989901
"TMA7",2.90810809375958e-07,1.04428533738724,0.946,0.741,0.00764367131363769,"up",3.16098333374818
"SLC34A2",1.11951022836961e-06,-1.64220326627949,0.75,0.889,0.029425206842467,"down",3.17348374191011
"CD59",1.53350708217245e-06,-1.78044071945359,0.775,0.852,0.0403067001478206,"down",3.17506347491637
"MIDN",8.33787473731759e-07,1.55924871931759,0.8,0.185,0.0219152699595655,"up",3.21850189451116
"TMEM134",6.41242014772593e-07,1.54962733775693,0.756,0.185,0.0168544051162828,"up",3.32291390924613
"CLTB",1.87404197041418e-06,2.01864424012708,0.649,0.111,0.0492573191503663,"up",3.32617346863466
"HLA-A",5.00758474440982e-07,-1.52787164040075,0.967,0.963,0.0131619357422068,"down",3.40855187419761
"RANBP1",8.47588929898461e-07,1.79727542265914,0.846,0.37,0.0222780274334511,"up",3.44939868825317
"TMC5",7.44836034292016e-07,1.74539043092657,0.816,0.259,0.0195772703253313,"up",3.4536382932699
"SNX21",8.41128936284098e-07,1.81535186255403,0.653,0.074,0.0221082329612912,"up",3.47079783032485
"NDUFB7",1.48097872010746e-07,1.10935772610084,0.941,0.704,0.00389260446793044,"up",3.51911744930849
"CD7",1.40969871300136e-06,2.08876500627443,0.612,0.074,0.0370525209725277,"up",3.51994724450668
"TP53I13",6.94790620018324e-07,1.78675557368327,0.689,0.111,0.0182618766565616,"up",3.52521016851837
"BSG",1.40074447386688e-07,1.09395123210729,0.954,0.815,0.00368171677511171,"up",3.52790085579838
"NDUFV1",8.91900098990331e-07,1.92379511515242,0.685,0.111,0.0234427022018619,"up",3.5537874445078
"HLA-DMA",1.71471150463729e-06,-2.2201138721241,0.496,0.704,0.0450694771878866,"down",3.56623135189942
"TMSB4X",1.08680909940335e-07,-1.03089603963088,0.998,1,0.00285656903687177,"down",3.57505131518315
"ITGB4",1.16731247263999e-06,2.0630803862929,0.679,0.111,0.0306816410308696,"up",3.57620180182458
"SEPTIN9",6.08850780390213e-07,1.85170950425193,0.738,0.185,0.0160030339117763,"up",3.64750717870623
"MRPS7",6.68862620645814e-07,1.95089160927601,0.767,0.222,0.0175803851210546,"up",3.7058632246522
"OSMR",4.00896263349823e-07,1.73061098211666,0.859,0.333,0.0105371573858868,"up",3.70788751527511
"NDRG1",7.36729267501243e-07,2.12553286536852,0.849,0.407,0.0193641920670027,"up",3.83853348375529
"SUPT5H",1.16936649696236e-06,2.34261210978041,0.662,0.111,0.0307356290061588,"up",3.85497000437466
"TPI1",5.16939862505958e-08,1.00234668117128,0.987,0.889,0.00135872473461066,"up",3.8692151996767
"SEZ6L2",3.70682595677907e-07,1.8629356901127,0.763,0.148,0.00974302134479811,"up",3.87424203611899
"RPL21",6.17979309684331e-08,-1.10236308199527,0.971,1,0.00162429681757429,"down",3.89169768858271
"RUNX1",3.90184060804724e-07,1.91518825916155,0.677,0.074,0.0102555978541914,"up",3.90422727634813
"PA2G4",2.88350336981202e-07,1.81440292621191,0.817,0.259,0.00757900025721391,"up",3.9347910044071
"TOMM40",7.33833381248965e-07,2.23029301037802,0.685,0.111,0.0192880765927478,"up",3.94500408842641
"HDLBP",2.04461037312799e-07,1.68594752107084,0.816,0.185,0.00537405390472962,"up",3.95564550273826
"RAC3",1.14577529010896e-06,2.46477980789693,0.58,0.037,0.0301155577252239,"up",3.985988897397
"CCT3",2.36629623943943e-07,1.8038281402075,0.812,0.222,0.00621957303574261,"up",4.010067568151
"WDR45B",5.46303385739551e-07,2.23316969529497,0.709,0.148,0.0143590381907784,"up",4.07604434469418
"SLC2A1",1.08079027268389e-06,2.55876711645919,0.651,0.111,0.0284074915272234,"up",4.10533423064132
"STMN1",4.10711039704908e-07,2.14582145613879,0.849,0.333,0.0107951289676038,"up",4.11259362099387
"CLDN3",2.22533977511503e-07,1.92461838989187,0.843,0.407,0.00584908306491233,"up",4.1575306009141
"KRTCAP2",1.20338798750009e-07,1.72796661602807,0.858,0.444,0.00316298498634525,"up",4.22786948556125
"KRT7",3.37410867644175e-08,1.22711240654563,0.987,0.889,0.00088685072451595,"up",4.27926188138671
"SUMO2",3.36529822931062e-08,1.23646677799353,0.952,0.667,0.000884534986592004,"up",4.2897517624738
"RPS9",1.45434847558676e-08,-0.886932449226062,0.999,1,0.000382260953323225,"down",4.30457251066903
"ABCC3",6.69283012014568e-08,1.564929763033,0.828,0.185,0.00175914346877909,"up",4.31962850279201
"RPL41",6.38357617495993e-08,1.5509303802428,0.975,0.889,0.00167785916182647,"up",4.32617487655621
"CLSTN1",5.02818037342366e-07,2.46281361509275,0.684,0.111,0.0132160692935067,"up",4.34171130805011
"NOL3",2.34409447439865e-07,2.16270003130534,0.712,0.148,0.00616121791650941,"up",4.37303346165105
"NME4",7.01413407672579e-08,1.7742273775411,0.863,0.333,0.00184359500072661,"up",4.50856185576262
"PDS5A",9.25663037071285e-07,2.90773875466501,0.577,0.037,0.0243301272663817,"up",4.52159437401439
"VDAC3",1.51729101036497e-07,2.14343819351823,0.756,0.148,0.0039880476916433,"up",4.54267785027438
"ITGA3",6.89074844326887e-08,1.84330222230183,0.873,0.333,0.00181116432082879,"up",4.58534436812702
"SDF2",1.46979621620997e-07,2.18137527064552,0.756,0.148,0.00386321237468627,"up",4.59442668711393
"REEP3",5.25071374466479e-08,1.76500901711166,0.819,0.222,0.00138009760064769,"up",4.62509921627284
"UQCRFS1",8.6578347493165e-08,1.99054106128068,0.78,0.185,0.00227562528551035,"up",4.63344031051409
"WDR60",6.13111129384638e-07,2.90126015810064,0.591,0.037,0.0161150129247458,"up",4.69402949993435
"DNAJC10",1.49819680746593e-06,3.30961805778181,0.548,0.037,0.0393786048874344,"up",4.71435773197315
"SLC38A10",2.73889493995486e-07,2.59532266869586,0.646,0.074,0.00719891146017736,"up",4.73805583651157
"ERO1A",1.29662456501416e-07,2.27793381570624,0.782,0.185,0.00340804800668322,"up",4.74542811197931
"S100A6",7.4260480682301e-09,1.0796067600493,0.999,1,0.00019518624742536,"up",4.78915754547727
"NMU",1.1180429116479e-06,3.268483401713,0.569,0.037,0.0293866398897533,"up",4.80033347065105
"SPINT2",8.38973302627003e-09,1.14769232711058,0.974,0.852,0.000220515742862481,"up",4.80425272743712
"IVL",1.6828690884787e-07,2.48640533834911,0.675,0.074,0.00442325311215742,"up",4.84066354660146
"WDR70",5.13057399262713e-07,3.0794193543914,0.589,0.037,0.0134852006822212,"up",4.94956194052998
"RPL36",3.14550883270478e-09,0.908151526672511,0.999,0.963,8.26765541588125e-05,"up",4.99076915911638
"CST6",2.73258134140698e-07,2.85040780816175,0.696,0.111,0.00718231679775412,"up",4.99414325108066
"RPS12",3.10260242465937e-09,-0.999032108629822,0.996,1,8.1548802129747e-05,"down",5.08761452255778
"SELENOP",1.65006200808106e-07,-2.75460279719435,0.521,0.741,0.00433702298204025,"down",5.11741107369746
"KRT8",6.78476281929251e-09,1.37610901575641,0.987,0.741,0.000178330705942284,"up",5.12488288697731
"DSP",2.84250597862802e-07,3.00509743521387,0.611,0.037,0.00747124271422588,"up",5.13170458988534
"VEGFA",3.33254141912703e-08,2.09431998654025,0.888,0.37,0.000875925186603348,"up",5.15185297219048
"PDLIM1",1.6767222253517e-07,-2.80924350131938,0.436,0.704,0.00440709669711441,"down",5.16509092175058
"PHLDA2",1.24578994763567e-08,1.70562310287095,0.938,0.593,0.00032744342983656,"up",5.1904868221521
"RPL23A",1.98612013570771e-09,0.960162347584575,0.999,1,5.22031816469415e-05,"up",5.24246537466657
"HLA-DRB1",6.5761501582902e-08,-2.50643115003908,0.856,0.889,0.001728475307605,"down",5.26876797029574
"MZT2B",6.74826094836556e-09,1.57964975370032,0.908,0.481,0.00017737129076684,"up",5.33076642721555
"SMPDL3B",1.46087276001409e-06,3.98331295529723,0.506,0,0.0383975796242104,"up",5.39900910564268
"SLC25A39",7.29127762260783e-09,1.79279413756904,0.839,0.222,0.000191643941032624,"up",5.5102990443084
"METTL26",2.73303851905237e-09,1.36957019983353,0.944,0.593,7.18351844347724e-05,"up",5.5132329886952
"IGFBP3",2.23061238196834e-07,3.31689617254129,0.733,0.185,0.0058629415847656,"up",5.54878060541437
"TNNT1",1.71782228857371e-07,3.20646446793092,0.637,0.074,0.00451512410328714,"up",5.55179477604284
"ZDHHC3",1.66427377917226e-07,-3.22999223788695,0.385,0.667,0.00437437720117638,"down",5.58907600849344
"TGFA",1.8977788904117e-07,3.33258920987472,0.651,0.074,0.00498812203555811,"up",5.6346521398234
"PPM1G",3.72507659100747e-08,2.70452419939374,0.694,0.074,0.000979099131180403,"up",5.71369753420439
"COL8A1",2.32634285407349e-07,-3.51733223371855,0.045,0.259,0.00611455955764675,"down",5.73096705420604
"FAM3C",2.40092329710565e-08,2.57121076521337,0.753,0.148,0.00063105867941125,"up",5.77114102093019
"C1R",2.29455420722271e-07,-3.55350021729173,0.323,0.63,0.00603100627826418,"down",5.77311043672095
"NFIX",7.59416759625622e-07,-4.10745357587294,0.05,0.259,0.0199605101099998,"down",5.80728193996732
"PIM3",1.83827512427354e-08,2.51052720951938,0.772,0.148,0.000483172233664058,"up",5.82642524067982
"CCNG1",5.14732489836394e-07,-3.97193217358447,0.081,0.333,0.0135292287628598,"down",5.84065913334907
"PVR",8.28782433690825e-09,2.20603145654871,0.828,0.185,0.000217837174871296,"up",5.86789946054219
"ZNF217",4.83795689334223e-08,3.01993217543513,0.653,0.037,0.00127160858984607,"up",5.91557872247885
"IRS1",1.17480707647588e-08,2.52138383079891,0.767,0.111,0.00030878629198092,"up",6.03172581843957
"ZNF90",6.44921906641607e-08,3.27944530931285,0.653,0.074,0.0016951127394168,"up",6.05024672153577
"SEMA3B",4.97435679986484e-09,2.2110347209988,0.839,0.185,0.000130745994127647,"up",6.09460632942438
"C19orf33",2.69355988936411e-09,1.95527926351348,0.949,0.63,7.07975281320464e-05,"up",6.10526116878067
"TUSC3",7.26857360622868e-07,-4.42476618378831,0.009,0.111,0.0191047188666115,"down",6.14362553252953
"JMJD1C-AS1",4.74264340969661e-07,4.29187093818607,0.535,0,0.0124655639380466,"up",6.19615900756114
"RPS14",1.84678540610932e-10,-0.887445819881413,0.998,1,4.85409076141773e-06,"down",6.20133792740458
"HMGA1",3.68230666606174e-09,2.26230516173518,0.853,0.296,9.67857484107668e-05,"up",6.27649374907792
"TUBB",4.84853702418034e-09,2.38493609139069,0.874,0.333,0.000127438947143556,"up",6.27963391657339
"TMEM165",2.61795111431942e-09,2.16709828302999,0.862,0.333,6.88102270887716e-05,"up",6.32944529191463
"CTSH",1.3791128289635e-08,-2.89431022906362,0.712,0.815,0.000362486015964766,"down",6.33501897210552
"NPC2",5.75864623760909e-10,-1.54054925853744,0.987,1,1.51360257709317e-05,"down",6.36053740003972
"LGALS1",6.84165737248422e-09,2.6233014173848,0.937,0.481,0.000179826122378375,"up",6.36844863776989
"CP",1.9331893209864e-08,-3.11528629126433,0.182,0.556,0.000508119481128066,"down",6.40932044533213
"WNT4",1.78368666101982e-06,-5.08181251545507,0.004,0.074,0.0468824201982451,"down",6.4108024924021
"SNCG",1.24845753663578e-09,1.94160992831804,0.769,0.074,3.28144578929349e-05,"up",6.42554469437241
"TMPRSS3",6.76343114140209e-07,-4.6781686698394,0.009,0.111,0.0177770024120613,"down",6.42831013849505
"PBX1",1.01728864790342e-06,-4.86947332644153,0.017,0.148,0.0267384148214935,"down",6.44233766976405
"NFIA",1.31777483741396e-07,-3.99222195855052,0.044,0.259,0.00346363938265886,"down",6.45268928948754
"RPL27",1.35990150619644e-10,1.05242473858558,0.998,1,3.57436511888673e-06,"up",6.49922582527365
"PLAAT4",7.28096420563523e-09,-2.83081361685418,0.45,0.778,0.000191372863180916,"down",6.54893326233881
"TNFRSF18",1.93622338440853e-09,2.26233998499217,0.86,0.222,5.08916954357938e-05,"up",6.55569306553675
"RPS27",2.45602172972404e-10,1.4218451611172,1,1,6.45540751440666e-06,"up",6.61192149767947
"CA2",4.77529806467118e-07,-4.7201003503912,0.016,0.148,0.0125513934331817,"down",6.62140840730334
"PTGS2",1.0969726494639e-08,3.16638217027018,0.749,0.111,0.000288328291185092,"up",6.70649491219429
"CD44",9.71471740369597e-09,-3.22147713142875,0.196,0.556,0.000255341632238745,"down",6.81435550120149
"CCDC50",2.16750368811024e-07,-4.61130030879111,0.015,0.148,0.00569706669382895,"down",6.85564900515111
"MSLN",4.20825420719214e-07,-4.90022191828228,0.035,0.222,0.0110609753581838,"down",6.85642849348355
"FAM83A",8.39224463894721e-10,2.23657843174824,0.846,0.111,2.20581758090088e-05,"up",6.89300883791601
"GPX4",6.28888844016581e-11,1.14829627929435,0.998,0.963,1.65297143761318e-06,"up",6.93003093001459
"S100P",1.83559567502035e-09,2.65843383017789,0.852,0.259,4.82467967222348e-05,"up",6.97496534590821
"CTHRC1",1.56781734882674e-09,2.61278906868665,0.735,0.037,4.12085111965621e-05,"up",6.99780214430517
"LURAP1L",3.77135400128793e-07,-5.00459110941659,0.035,0.222,0.00991262685698519,"down",7.00840235116547
"ATP5F1E",4.33475717041158e-11,1.12537431123995,0.994,0.963,1.13934757467098e-06,"up",7.06871807905322
"ELOB",6.36744392182191e-11,1.33122176278731,0.976,0.778,1.67361896041167e-06,"up",7.10756517545462
"TACC1",1.29478595529051e-07,-4.69109659071246,0.059,0.296,0.00340321540488559,"down",7.1592071522859
"PFKFB3",5.66840166637729e-09,3.33653085879431,0.717,0.074,0.000148988269399061,"up",7.16337878323983
"S100A16",1.90343190996148e-10,1.89642541263792,0.939,0.519,5.00298043214276e-06,"up",7.19719660838114
"PLPP2",4.9625478419072e-10,2.34598312113242,0.867,0.222,1.30435607476689e-05,"up",7.23058695596596
"RPL38",5.62149223378115e-11,1.41704291695347,0.994,0.963,1.47755301872704e-06,"up",7.24749984342219
"SLC5A3",1.79278394355586e-08,3.99785690479794,0.695,0.111,0.000471215331724222,"up",7.3246374923421
"PARM1",1.16419871966796e-08,-3.82034643033507,0.099,0.407,0.000305997991477528,"down",7.3346278544845
"C15orf48",3.70769156942721e-10,2.32979617312004,0.957,0.37,9.74529652108247e-06,"up",7.34100111514504
"CYB5A",8.62267726289773e-11,-1.70164687248028,0.92,0.963,2.26638449178004e-06,"down",7.34631328271048
"ALDH2",5.12458805203978e-10,-2.49520801337915,0.359,0.741,1.34694672359814e-05,"down",7.36585759516539
"SSC5D",1.78368666101982e-06,-6.10519373748631,0.004,0.074,0.0468824201982451,"down",7.43418371443334
"CCND1",1.20405813325568e-10,1.93763758552459,0.951,0.444,3.16474639744922e-06,"up",7.43729867136116
"SOBP",1.74047205741514e-06,-6.10958471415907,0.004,0.074,0.0457465675570996,"down",7.44922620038905
"PELI2",1.78368666101982e-06,-6.14576588927714,0.004,0.074,0.0468824201982451,"down",7.47475586622417
"CACNA2D2",1.16694261367656e-07,-4.97134212362172,0.023,0.185,0.00306719196578747,"down",7.48460116567861
"ABCA7",2.35778112586822e-10,2.31804538231003,0.881,0.222,6.19719191123203e-06,"up",7.52585043695936
"SNHG25",2.03527396958246e-09,3.28450199951052,0.75,0.074,5.34951410165055e-05,"up",7.55618766282673
"ALDOA",4.606066594688e-11,1.67886075476208,0.99,0.778,1.21065854374779e-06,"up",7.59583908352367
"DDIT4",7.79020157128855e-11,1.91054173335471,0.971,0.778,2.04757658099748e-06,"up",7.59930157965844
"RNASE1",2.75578040384675e-09,-3.5764331658002,0.819,0.852,7.2432932134708e-05,"down",7.71649709970553
"CEBPD",9.60558116905546e-10,3.1339023709722,0.777,0.148,2.52473095447454e-05,"up",7.73168726622548
"ATP6V0E1",2.80493474648419e-11,-1.70000915131609,0.835,0.963,7.37249048765906e-07,"down",7.83239493043947
"TMSB10",1.01088815068086e-11,1.33430196616306,1,1,2.65701841524956e-07,"up",7.90990740173639
"HLA-DRA",2.93721382184933e-10,-2.80842640721136,0.856,0.926,7.72017280934878e-06,"down",7.92079938546285
"AK1",1.21329071075743e-10,-2.43415375317648,0.59,0.852,3.18901330415482e-06,"down",7.93049742210882
"PAEP",4.37106555102856e-10,3.02100753359162,0.887,0.222,1.14889086943235e-05,"up",7.96072875560327
"SLC7A8",1.69260837362382e-07,-5.68182371882798,0.008,0.111,0.00444885184923285,"down",8.03357577523592
"PGC",8.23120247522039e-10,-3.41945837145145,0.262,0.667,2.16348925858693e-05,"down",8.08430362812101
"SERPING1",1.48333420572813e-09,-3.67642612722881,0.405,0.741,3.89879562633582e-05,"down",8.08549565702695
"PLA2G10",4.35548350782545e-09,-4.18933781206046,0.094,0.407,0.000114479528519684,"down",8.13060997993314
"CFI",2.75678483288177e-09,-4.02337885793752,0.075,0.37,7.24593325474645e-05,"down",8.1632845286846
"SFTPB",4.38800547229064e-11,-2.2888089671851,0.966,1,1.15334335833687e-06,"down",8.22685034815407
"HCFC1R1",1.67371841787744e-10,2.97612313930338,0.841,0.148,4.39920148954908e-06,"up",8.33274928557945
"ISG15",1.30957565516609e-11,1.92311977222633,0.988,0.63,3.44208865203855e-07,"up",8.38629772070447
"TMED6",1.14042463667971e-07,-5.92020976141252,0.003,0.074,0.00299749211504896,"down",8.44345171205872
"SFTA1P",4.47066712775409e-10,-3.514110632287,0.141,0.519,1.17507014785889e-05,"down",8.44404683893993
"ERRFI1",1.78637605177847e-11,2.18511929179582,0.957,0.296,4.69531081449454e-07,"up",8.51345494534236
"ATP1A1",3.98674821676137e-11,-2.56589460949025,0.594,0.852,1.04787690129356e-06,"down",8.5455843423282
"VSIG2",2.20033157236872e-09,-4.31521767068462,0.025,0.222,5.78335150481394e-05,"down",8.5530380817077
"TMEM220",1.14042463667971e-07,-6.09513078845876,0.003,0.074,0.00299749211504896,"down",8.61837273910496
"DMRTA1",1.14042463667971e-07,-6.11418133695184,0.003,0.074,0.00299749211504896,"down",8.63742328759805
"MIF",6.10254934437869e-12,1.92362842875301,0.977,0.778,1.60399406967649e-07,"up",8.71842567048538
"SRD5A3",6.10617246467848e-11,2.92877500131338,0.869,0.296,1.60494637061609e-06,"up",8.72331447630746
"CRIP1",1.71843301512667e-11,2.41320778177842,0.933,0.333,4.51672933695893e-07,"up",8.75838371534523
"NCAM2",1.14042463667971e-07,-6.27771555617881,0.003,0.074,0.00299749211504896,"down",8.80095750682501
"ORM1",8.65401302858267e-09,-5.21367923792174,0.012,0.148,0.000227462078443267,"down",8.85677023471143
"TPT1",1.23357267403539e-12,-1.54799142786992,0.988,1,3.24232241643461e-08,"down",9.03713522898104
"FXYD3",9.16540465664601e-11,-3.44122094289365,0.307,0.704,2.40903495995284e-06,"down",9.05937784036129
"LAMP3",6.95640640030273e-10,-4.37245109452616,0.15,0.519,1.82842185825557e-05,"down",9.11037469001266
"RPS4X",1.98109426137178e-12,-1.99210027610637,0.981,0.963,5.2071081565896e-08,"down",9.27550367762749
"KRT19",2.37781553946839e-12,2.07475796104073,0.993,0.963,6.2498503639387e-08,"up",9.27888834159964
"NRGN",2.8377091283856e-10,-4.16633570199048,0.081,0.407,7.4586346730487e-06,"down",9.29367636623748
"RPL37A",4.30314621314715e-13,1.40650288958017,0.999,1,1.1310389506636e-08,"up",9.35302532818523
"SATB1",8.19963497959288e-09,-5.76169732367853,0.012,0.148,0.000215519205803619,"down",9.42821134568817
"RPS15",2.83336253235194e-13,1.33954347167908,1,1,7.44721008003385e-09,"up",9.46754986655163
"MMP7",5.30691847438373e-11,-3.670951342788,0.165,0.593,1.39487045180702e-06,"down",9.52641746828084
"CDHR3",2.10832359328557e-09,-5.28802478827832,0.002,0.074,5.54151773259178e-05,"down",9.54439606098363
"SLC16A3",9.2153671388213e-12,2.98782169593538,0.877,0.185,2.42216709876779e-07,"up",9.60361759529122
"SCUBE3",2.14384849661753e-09,-5.40415421354292,0.011,0.148,5.63489138850952e-05,"down",9.65326866402603
"RPL37",3.75684808278461e-13,1.7446235176195,0.999,1,9.87449950079106e-09,"up",9.75010842542766
"NAPSA",5.54141209864891e-12,-3.05683314416689,0.828,0.963,1.45650475600888e-07,"down",9.8935212370741
"CCL20",4.33780050847116e-12,2.97066367609978,0.935,0.148,1.14014748564656e-07,"up",9.91370264225498
"CYP4B1",4.93339989575892e-10,-5.32727500037017,0.01,0.148,1.29669482860128e-05,"down",10.2144372215482
"KIAA1324L",2.03150206178595e-09,-5.94554136376448,0.002,0.074,5.33960001919819e-05,"down",10.2180326378148
"ASAH1",9.79498978172317e-13,-2.64442888968357,0.633,0.889,2.57451511422812e-08,"down",10.2337334438965
"ANGPTL4",3.6673142773016e-12,3.32522558077013,0.91,0.259,9.63916884645951e-08,"up",10.3411859930248
"UBE2C",2.04363568100387e-12,3.07792357546931,0.938,0.222,5.37149202395058e-08,"up",10.3478286402787
"HLA-DPA1",2.67128060016341e-12,-3.23878458044016,0.512,0.852,7.02119392946952e-08,"down",10.392373611773
"FKBP1B",3.30855920118464e-10,-5.33856748938704,0.016,0.185,8.6962170043937e-06,"down",10.3992371208393
"NR0B2",4.83249536095196e-10,-5.54880040906576,0.01,0.148,1.27017308067261e-05,"down",10.4449375047559
"RAMP1",7.77967002553071e-12,3.82732770172582,0.824,0.111,2.04480846951049e-07,"up",10.5166750664144
"RPS21",7.09072591909856e-14,1.80488035294599,0.997,0.963,1.86372640057586e-09,"up",10.5344981957013
"GAPDH",5.668600408883e-14,1.83428619257307,1,0.963,1.48993493147081e-09,"up",10.6611188902818
"PAK3",1.95741012793512e-09,-6.40051844956649,0.002,0.074,5.14485678026468e-05,"down",10.6891451599542
"TNNC2",5.02408867138443e-13,2.81736593465189,0.947,0.296,1.32053146638668e-08,"up",10.6966171803658
"MFAP3L",1.95741012793512e-09,-6.45363897838145,0.002,0.074,5.14485678026468e-05,"down",10.7422656887692
"AKR1C1",4.63669275139645e-10,-5.83463638151852,0.01,0.148,1.21870832277704e-05,"down",10.7487366045021
"PIWIL4",8.23465291760316e-10,-6.10635273522126,0,0.037,2.16439617286282e-05,"down",10.7710159778899
"LINC01108",8.23465291760316e-10,-6.11954596213303,0,0.037,2.16439617286282e-05,"down",10.7842092048017
"SERPINA3",8.23465291760316e-10,-6.11954596213303,0,0.037,2.16439617286282e-05,"down",10.7842092048017
"TDRD6",8.23465291760316e-10,-6.11954596213303,0,0.037,2.16439617286282e-05,"down",10.7842092048017
"XAGE3",8.23465291760316e-10,-6.11954596213303,0,0.037,2.16439617286282e-05,"down",10.7842092048017
"GPM6A",8.23465291760316e-10,-6.28589872565365,0,0.037,2.16439617286282e-05,"down",10.9505619683223
"ANXA10",8.23465291760316e-10,-6.31932789501839,0,0.037,2.16439617286282e-05,"down",10.9839911376871
"C8orf48",8.23465291760316e-10,-6.31932789501839,0,0.037,2.16439617286282e-05,"down",10.9839911376871
"FIGN",8.23465291760316e-10,-6.31932789501839,0,0.037,2.16439617286282e-05,"down",10.9839911376871
"NR2F2-AS1",8.23465291760316e-10,-6.31932789501839,0,0.037,2.16439617286282e-05,"down",10.9839911376871
"XKR6",8.23465291760316e-10,-6.31932789501839,0,0.037,2.16439617286282e-05,"down",10.9839911376871
"AADAC",8.23465291760316e-10,-6.3715512026395,0,0.037,2.16439617286282e-05,"down",11.0362144453082
"TMSB15A",8.23465291760316e-10,-6.3715512026395,0,0.037,2.16439617286282e-05,"down",11.0362144453082
"TSPO2",8.23465291760316e-10,-6.3715512026395,0,0.037,2.16439617286282e-05,"down",11.0362144453082
"WDR17",8.23465291760316e-10,-6.3715512026395,0,0.037,2.16439617286282e-05,"down",11.0362144453082
"ABCA6",8.23465291760316e-10,-6.46627195806959,0,0.037,2.16439617286282e-05,"down",11.1309352007383
"EPGN",8.23465291760316e-10,-6.46627195806959,0,0.037,2.16439617286282e-05,"down",11.1309352007383
"ALKAL2",8.23465291760316e-10,-6.46627195806959,0,0.037,2.16439617286282e-05,"down",11.1309352007383
"LRRC4C",8.23465291760316e-10,-6.46627195806959,0,0.037,2.16439617286282e-05,"down",11.1309352007383
"NAV3",8.23465291760316e-10,-6.46627195806959,0,0.037,2.16439617286282e-05,"down",11.1309352007383
"SLC26A5",8.23465291760316e-10,-6.46627195806959,0,0.037,2.16439617286282e-05,"down",11.1309352007383
"UPK1A",8.23465291760316e-10,-6.46627195806959,0,0.037,2.16439617286282e-05,"down",11.1309352007383
"FGF7",8.12101665733183e-11,-5.6362739103075,0.009,0.148,2.1345280182131e-06,"down",11.3069720504997
"SERP2",1.95741012793512e-09,-7.05547829616895,0.002,0.074,5.14485678026468e-05,"down",11.3441050065567
"PCDH9",1.95741012793512e-09,-7.06088444707008,0.002,0.074,5.14485678026468e-05,"down",11.3495111574578
"ALDH1A1",2.52018086682993e-11,-5.20608889896839,0.014,0.185,6.62404339037578e-07,"down",11.3849657303638
"ACSS3",8.23465291760316e-10,-6.78258659942298,0,0.037,2.16439617286282e-05,"down",11.4472498420917
"BEX1",8.23465291760316e-10,-6.78258659942298,0,0.037,2.16439617286282e-05,"down",11.4472498420917
"C8A",8.23465291760316e-10,-6.78258659942298,0,0.037,2.16439617286282e-05,"down",11.4472498420917
"NECAB1",8.23465291760316e-10,-6.78258659942298,0,0.037,2.16439617286282e-05,"down",11.4472498420917
"NIM1K",8.23465291760316e-10,-6.78258659942298,0,0.037,2.16439617286282e-05,"down",11.4472498420917
"SYPL2",8.23465291760316e-10,-6.78258659942298,0,0.037,2.16439617286282e-05,"down",11.4472498420917
"TP63",8.23465291760316e-10,-6.78258659942298,0,0.037,2.16439617286282e-05,"down",11.4472498420917
"TUSC1",8.23465291760316e-10,-6.78258659942298,0,0.037,2.16439617286282e-05,"down",11.4472498420917
"CFTR",7.76596295635152e-11,-5.78948690636218,0.009,0.148,2.04120570344743e-06,"down",11.4796001332137
"FCGR2A",1.12531515753406e-11,-5.05706751043115,0.088,0.444,2.95777836006251e-07,"down",11.5861018832342
"PLA2G4E",8.23465291760316e-10,-6.92995795991319,0,0.037,2.16439617286282e-05,"down",11.5946212025819
"PPARGC1A",8.23465291760316e-10,-6.93173453570864,0,0.037,2.16439617286282e-05,"down",11.5963977783773
"PTCHD1",8.23465291760316e-10,-6.93173453570864,0,0.037,2.16439617286282e-05,"down",11.5963977783773
"PRKAA2",1.95741012793512e-09,-7.36461327603081,0.002,0.074,5.14485678026468e-05,"down",11.6532399864186
"ACADL",8.23465291760316e-10,-6.99015153237456,0,0.037,2.16439617286282e-05,"down",11.6548147750432
"DDC",8.23465291760316e-10,-7.01154538200546,0,0.037,2.16439617286282e-05,"down",11.6762086246741
"KCNK17",8.23465291760316e-10,-7.01154538200546,0,0.037,2.16439617286282e-05,"down",11.6762086246741
"SERTM2",8.23465291760316e-10,-7.01154538200546,0,0.037,2.16439617286282e-05,"down",11.6762086246741
"OSBPL6",8.23465291760316e-10,-7.01154538200546,0,0.037,2.16439617286282e-05,"down",11.6762086246741
"PCDHB4",8.23465291760316e-10,-7.01154538200546,0,0.037,2.16439617286282e-05,"down",11.6762086246741
"ZAR1",8.23465291760316e-10,-7.01154538200546,0,0.037,2.16439617286282e-05,"down",11.6762086246741
"RNF217",1.95741012793512e-09,-7.3991398436939,0.002,0.074,5.14485678026468e-05,"down",11.6877665540816
"CHGB",8.23465291760316e-10,-7.04501951422794,0,0.037,2.16439617286282e-05,"down",11.7096827568966
"PKHD1",8.23465291760316e-10,-7.04501951422794,0,0.037,2.16439617286282e-05,"down",11.7096827568966
"TCEAL2",8.23465291760316e-10,-7.07727409910484,0,0.037,2.16439617286282e-05,"down",11.7419373417735
"GABRB2",8.23465291760316e-10,-7.08642156004968,0,0.037,2.16439617286282e-05,"down",11.7510848027184
"LRCH2",1.95741012793512e-09,-7.50454923058092,0.002,0.074,5.14485678026468e-05,"down",11.7931759409687
"PCDH10",8.23465291760316e-10,-7.17336879565789,0,0.037,2.16439617286282e-05,"down",11.8380320383266
"PCSK1N",1.43742604405429e-11,-5.42028732107761,0.004,0.111,3.7781306141923e-07,"down",11.8430103531873
"RBM11",8.23465291760316e-10,-7.17879436962782,0,0.037,2.16439617286282e-05,"down",11.8434576122965
"RTL5",8.23465291760316e-10,-7.18364649127342,0,0.037,2.16439617286282e-05,"down",11.8483097339421
"MPIG6B",8.23465291760316e-10,-7.24087370628629,0,0.037,2.16439617286282e-05,"down",11.905536948955
"DLL3",8.23465291760316e-10,-7.32011478502513,0,0.037,2.16439617286282e-05,"down",11.9847780276938
"LTF",3.52198769785861e-10,-6.98190610005707,0.005,0.111,9.25719246505157e-06,"down",12.0154268068754
"MDS2",8.23465291760316e-10,-7.36911072812502,0,0.037,2.16439617286282e-05,"down",12.0337739707937
"PLCB4",8.23465291760316e-10,-7.36911072812502,0,0.037,2.16439617286282e-05,"down",12.0337739707937
"CTAGE6",8.23465291760316e-10,-7.4284952538382,0,0.037,2.16439617286282e-05,"down",12.0931584965069
"UGT8",8.23465291760316e-10,-7.4284952538382,0,0.037,2.16439617286282e-05,"down",12.0931584965069
"PLPPR1",3.3335726900142e-10,-7.06104840676932,0.005,0.111,8.76196245843333e-06,"down",12.1184470187044
"CD36",3.74348742087227e-12,-5.11147875839383,0.019,0.222,9.83938233702067e-08,"down",12.1185109217555
"GPC6",8.23465291760316e-10,-7.53095102370765,0,0.037,2.16439617286282e-05,"down",12.1956142663763
"DENND2C",8.23465291760316e-10,-7.54038907810477,0,0.037,2.16439617286282e-05,"down",12.2050523207735
"AGR3",7.07923364150173e-14,-3.50390336020192,0.481,0.889,1.86070577033232e-09,"down",12.2342256557566
"SPTLC3",8.23465291760316e-10,-7.57300531995304,0,0.037,2.16439617286282e-05,"down",12.2376685626217
"HLA-DRB5",6.84243111151425e-14,-3.5040794659841,0.504,0.889,1.7984645933504e-09,"down",12.2491775737678
"GKN2",1.95741012793512e-09,-7.97619781650918,0.002,0.074,5.14485678026468e-05,"down",12.2648245268969
"RASGRF1",9.68158880346057e-12,-5.8150340984083,0.008,0.148,2.54470880110158e-07,"down",12.409396006553
"AGTR2",8.23465291760316e-10,-7.78318893795109,0,0.037,2.16439617286282e-05,"down",12.4478521806198
"NUPR1",2.71959233731141e-14,-3.40152475817698,0.397,0.852,7.14817649938931e-10,"down",12.5473294908173
"SFTPD",7.29702250280121e-13,-5.01321064558551,0.211,0.667,1.91794939463627e-08,"down",12.7303735015205
"SAT1",1.21557357743982e-13,-4.28680511077144,0.583,0.889,3.19501359094283e-09,"down",12.782332400872
"HLA-DPB1",1.94520576968338e-14,-3.50575595833448,0.587,0.926,5.11277884503581e-10,"down",12.7970989507552
"FMOD",1.30767590194502e-11,-6.49948888399982,0.004,0.111,3.43709534067228e-07,"down",12.9632973049165
"ARHGEF28",2.44372771690121e-12,-5.86137247161176,0.001,0.074,6.42309393110315e-08,"down",13.0536281984438
"B2M",5.87040667751773e-16,-2.52084556154683,0.99,1,1.54297769111876e-11,"down",13.3324859146114
"RORB",2.32505937382831e-12,-6.14642093714612,0.001,0.074,6.11118605817032e-08,"down",13.3602954309084
"HLA-B",1.09086764588464e-15,-2.83144157015496,0.896,1,2.86723652044319e-11,"down",13.3739780504605
"TSPAN8",6.19653561146067e-14,-4.77065374837454,0.006,0.148,1.62869742011632e-09,"down",13.5588133399283
"APLF",8.7443437398125e-13,-6.31219722002632,0.007,0.148,2.29836330857232e-08,"down",13.9507785401314
"SLPI",3.47218795995812e-14,-4.9957868665566,0.493,0.889,9.12629883395393e-10,"down",14.0354921812332
"SNX7",2.32505937382831e-12,-6.83469523012935,0.001,0.074,6.11118605817032e-08,"down",14.0485697238917
"ATP8A2",2.32505937382831e-12,-6.8942560603074,0.001,0.074,6.11118605817032e-08,"down",14.1081305540697
"CHI3L2",6.93523062054244e-14,-5.39895304887797,0.016,0.222,1.82285601630338e-09,"down",14.1382006829078
"TLCD4",8.51480291190375e-13,-6.52930842606615,0.007,0.148,2.23803079736478e-08,"down",14.1794423675407
"CD74",9.13620824677615e-16,-3.67600372566437,0.927,1,2.40136097558264e-11,"down",14.2955462770109
"ZMAT1",5.1988808479339e-14,-5.52020228847888,0.006,0.148,1.36647384207095e-09,"down",14.3846009659174
"MAP6",2.32505937382831e-12,-7.44011539813019,0.001,0.074,6.11118605817032e-08,"down",14.6539898918925
"BEX4",6.39190765976845e-15,-4.94190133645482,0.035,0.333,1.68004900929354e-10,"down",14.7165793855889
"SLC2A10",2.32505937382831e-12,-7.75042084401504,0.001,0.074,6.11118605817032e-08,"down",14.9642953377774
"CCDC141",1.71461957909838e-15,-5.03172742773498,0.005,0.148,4.50670610170218e-11,"down",15.3778681906249
"CD38",1.36117964236571e-15,-5.09343122671258,0.025,0.296,3.57772457199404e-11,"down",15.5398243229763
"XAGE2",2.32505937382831e-12,-9.39222632798069,0.001,0.074,6.11118605817032e-08,"down",16.606100821743
"LPL",2.09264916713678e-15,-6.53161273473458,0.009,0.185,5.5003190709023e-11,"down",16.7912248512925
"C3orf14",1.32039783049714e-15,-6.41914061394514,0.005,0.148,3.47053365767868e-11,"down",16.878744353343
"KCNJ2",4.7045283893065e-16,-6.17397644450505,0.002,0.111,1.23653824184532e-11,"down",17.0817688923758
"CD302",1.52339164143711e-16,-5.79350723513371,0.018,0.259,4.0040825903533e-12,"down",17.1910042082433
"DLGAP1",4.3037701368428e-16,-7.04726705984346,0.002,0.111,1.13120294276776e-11,"down",17.9937265335938
"FOLR1",4.09481735406559e-19,-4.53103765628364,0.197,0.778,1.0762817933426e-14,"down",18.4991116625822
"HMCN1",1.61849035792896e-17,-6.36181388108978,0.004,0.148,4.25404005678047e-13,"down",18.7330123061115
"RGS16",2.32397059751198e-17,-6.66981733524009,0.023,0.296,6.10832431850048e-13,"down",18.8838952475898
"PRDX4",2.89994638377585e-19,-4.8419615325179,0.059,0.481,7.62221907511645e-15,"down",18.9598801055644
"SCGB3A2",2.60434027698344e-17,-6.84041464288939,0.363,0.889,6.84524798402328e-13,"down",19.0050254568705
"FABP5",4.38231836053841e-19,-5.69235034540974,0.05,0.444,1.15184855788391e-14,"down",19.6309549625021
"C1S",2.12071259159135e-20,-4.53456309554339,0.137,0.704,5.57408097573869e-16,"down",19.7883898220414
"SOX5",3.55609863092395e-18,-6.80228774230372,0,0.074,9.34684964152052e-14,"down",19.8316224858538
"GALNTL6",3.55609863092395e-18,-6.94308479781305,0,0.074,9.34684964152052e-14,"down",19.9724195413631
"CTSF",1.06413690372179e-19,-5.62578227222405,0.014,0.259,2.79697743774235e-15,"down",20.179093309143
"NRXN3",3.55609863092395e-18,-7.26260653384521,0,0.074,9.34684964152052e-14,"down",20.2919412773953
"RNF128",3.55609863092395e-18,-7.35650699719298,0,0.074,9.34684964152052e-14,"down",20.385841740743
"PLEKHA4",6.18971130710607e-20,-5.63226980578885,0.003,0.148,1.62690371995976e-15,"down",20.4209079536064
"GLRB",3.55609863092395e-18,-7.40324658167869,0,0.074,9.34684964152052e-14,"down",20.4325813252287
"PPP4R4",3.55609863092395e-18,-7.4738651833076,0,0.074,9.34684964152052e-14,"down",20.5031999268577
"CA8",3.55609863092395e-18,-7.75731540780589,0,0.074,9.34684964152052e-14,"down",20.7866501513559
"CLDN18",3.55609863092395e-18,-8.1316451900645,0,0.074,9.34684964152052e-14,"down",21.1609799336146
"SFTPA1",1.01978351665866e-19,-6.74561228452227,0.166,0.741,2.68039899518562e-15,"down",21.3174128380645
"CFH",9.87711628825405e-21,-5.90073307034698,0.013,0.259,2.59610124520469e-16,"down",21.4864114448626
"LHX9",5.62486599085952e-20,-7.01067797820973,0.001,0.111,1.47843977703752e-15,"down",21.8408743395965
"SLCO4C1",5.31913713047226e-20,-7.52357414849134,0.001,0.111,1.39808200337333e-15,"down",22.3780415031417
"SERPINA1",1.77634033933486e-21,-6.28293827373696,0.231,0.852,4.66893294790776e-17,"down",22.6137206368082
"GSTA1",6.31241757784992e-22,-5.91575473522785,0.008,0.222,1.65915583616207e-17,"down",22.6958675561916
"MTTP",5.31913713047226e-20,-7.99556204183548,0.001,0.111,1.39808200337333e-15,"down",22.8500293964859
"C7",5.2236411934145e-22,-7.11328839312648,0.008,0.222,1.37298185127707e-17,"down",23.9756235965615
"C8orf34-AS1",7.69345303708672e-24,-5.67722937350333,0.004,0.185,2.02214719626787e-19,"down",24.371416607906
"CHI3L1",4.66276654723849e-24,-5.57501752683301,0.074,0.593,1.22556155927616e-19,"down",24.4866823963265
"BEX2",1.1072590402401e-23,-7.04620340714051,0.007,0.222,2.91031966136708e-19,"down",25.5822627138442
"NNMT",9.27692687418863e-25,-5.98150061662132,0.062,0.556,2.43834745961174e-20,"down",25.5944050248385
"ID4",2.64930518938575e-23,-7.50290442969646,0.002,0.148,6.96343375978151e-19,"down",25.6600809810077
"SFTPA2",4.45878982730781e-24,-6.88657492154598,0.148,0.778,1.17194831820959e-19,"down",25.8176664614094
"SCGB3A1",6.39221906499884e-24,-7.37942289560653,0.054,0.519,1.6801308590443e-19,"down",26.1540797870071
"PLA2G1B",5.42246227054612e-26,-6.51853761830498,0.009,0.259,1.42523998319034e-21,"down",27.3646496209077
"CXCL17",9.07937847921661e-27,-6.0198295199927,0.168,0.852,2.38642383947729e-22,"down",27.6420819411784
"C3",1.10669810936656e-27,-5.50970111911717,0.125,0.778,2.90884531065907e-23,"down",28.0459804925808
"BEX5",5.92602413751241e-27,-6.68134371537455,0.003,0.185,1.55759618430376e-22,"down",28.4888888407672
"CNR1",1.69726161870434e-26,-7.29120841723724,0,0.111,4.46108243860248e-22,"down",28.6417681683737
"CLU",2.92417862563012e-28,-5.65672537190057,0.093,0.704,7.6859110996062e-24,"down",28.7710300150839
"P3H2",1.69726161870434e-26,-7.63354916511609,0,0.111,4.46108243860248e-22,"down",28.9841089162526
"CPB2",1.69726161870434e-26,-7.94465958563894,0,0.111,4.46108243860248e-22,"down",29.2952193367754
"RNF180",1.69726161870434e-26,-8.33898773273877,0,0.111,4.46108243860248e-22,"down",29.6895474838752
"HHIP-AS1",1.69726161870434e-26,-8.40825915683673,0,0.111,4.46108243860248e-22,"down",29.7588189079732
"SLC5A8",1.69726161870434e-26,-8.57700560052813,0,0.111,4.46108243860248e-22,"down",29.9275653516646
"PLCXD3",1.69726161870434e-26,-8.67164939829513,0,0.111,4.46108243860248e-22,"down",30.0222091494316
"AARD",6.55793650361934e-28,-8.77876680331211,0.001,0.148,1.72368803061131e-23,"down",31.5423081374406
"CRTAC1",3.66326382652821e-34,-6.59181372895014,0.003,0.222,9.62852264164674e-30,"down",35.6082540729576
"CSF3R",6.82277127154957e-35,-6.33777639186133,0.027,0.481,1.79329720101409e-30,"down",36.0841241212259
"LRP2",7.03421854994717e-36,-7.09733444094918,0.001,0.185,1.84887400366811e-31,"down",37.8304271249096
"WIF1",8.2697358083512e-35,-9.00366500843289,0,0.148,2.17361735986703e-30,"down",38.666481914462
"KCNJ15",3.1901171246219e-38,-6.1177102474616,0.012,0.37,8.3849038503562e-34,"down",39.1942121605433
"PIGR",2.94515920752437e-43,-6.14049701198704,0.039,0.63,7.74105646105707e-39,"down",44.2516967768988
"LRRK2",2.4816284800675e-45,-6.48616384082274,0.049,0.704,6.52271229700943e-41,"down",46.6717356176853
"DUOXA1",4.83606768788367e-44,-8.24842226059257,0.001,0.222,1.27111203108334e-39,"down",47.1442384312525
"SCTR",4.25561102597548e-44,-8.90524142785045,0.001,0.222,1.1185448020674e-39,"down",47.8565880438872
"PEBP4",1.44628419178567e-44,-8.89006759220216,0.009,0.37,3.80141336968945e-40,"down",48.3101224943923
"C2",1.75887462467841e-50,-6.12057124263582,0.031,0.63,4.62302606350474e-46,"down",51.4556449007434
"HHIP",1.91264075968125e-51,-9.6488579199488,0,0.222,5.02718497274619e-47,"down",55.9475330547794
"ZNF385B",1.51808234289656e-62,-9.41977923730847,0.002,0.333,3.99012763006931e-58,"down",66.8187924498552
"MACROD2",4.19645849129128e-68,-7.84235759722328,0.016,0.593,1.102997149851e-63,"down",70.7997832070003
"C4BPA",8.69450627925141e-114,-8.81919027436258,0.008,0.704,2.28526403043844e-109,"down",117.460253890378
